Line,Code,Description,SalePriceMin,SalePrice,Ordered,Ordered1,Price,Value,CBM,Weight,EANBarcode,ITFBarcode,Outer,Inner,Pallets,VAT,SalePriceMin1,SalePrice1
1,BIPU,"B INSPIRED,A4 WIRO JOURNAL (CDU)",5.70,5.99,20,2,2.85,57.00,0.0535,21.08,5012128426094,05024004710487,10,0,0.05,11.4,5.70,5.99
2,BIWJ,"B INSPIRED, A5 WIRO JOURNAL (CDU)",3.30,3.50,20,2,1.65,33.00,0.0315,10.96,5012128426124,05024004710500,10,0,0.02,6.6,3.30,3.50
3,BISJ,"B INSPIRED,A6 PU WIRO JOURNAL (CDU)",2.00,2.25,20,2,1.00,20.00,0.0183,5.80,5012128426148,05024004710524,10,0,0.01,4,2.00,2.25
4,FSC1-BIAC,"FSC,A5 CASEBOUND PU NOTEBOOK (CDU)",2.50,2.75,20,2,1.25,25.00,0.0170,6.72,5012128467561,05024004768402,10,0,0.01,5,2.50,2.75
5,FSC1-BIAA,"FSC,A4 CASEBOUND PU NOTEBOOK (CDU)",4.00,4.25,20,2,2.00,40.00,0.0309,12.88,5012128467554,05024004768389,10,0,0.02,8,4.00,4.25
6,FSC1-BIAD,"FSC,A6 CASEBOUND PU NOTEBOOK (CDU)",1.80,1.99,20,2,0.90,18.00,0.0094,3.52,5012128467578,05024004768426,10,0,0.00,3.6,1.80,1.99
7,BEAX,"STAT, RASCALS 6 PENCILS ERASER TOPS",0.98,1.25,24,1,0.49,11.76,0.0194,3.64,5012128462689,05024004760253,24,12,0.01,2.35,0.98,1.25
8,BEAR,"STAT, RASCALS 6 MINI NOTEPADS",0.84,1.00,24,1,0.42,10.08,0.0061,3.32,5012128462948,05024004760772,24,12,0.00,2.02,0.84,1.00
9,BEAS,"STAT, RASCALS A5 N'BOOK WITH ST",1.50,1.75,16,2,0.75,12.00,0.0101,4.60,5012128462665,05024004760215,8,0,0.01,2.4,1.50,1.75
10,KRAO,"STAT,A4 NOTEBOOK,70SH,KRAFTY SLOGANS",1.50,1.75,24,2,0.75,18.00,0.0206,9.88,5012128462542,05024004759974,12,0,0.01,3.6,1.50,1.75
11,KRAR,"STAT,STATIONERY SET,KRAFTY SLOGANS",0.92,1.00,48,2,0.46,22.08,0.0458,5.40,5012128462580,05024004760055,24,12,0.04,4.42,0.92,1.00
12,SOAT,"STAT, BLOK A4 PP SOFTCOVER N'BO",0.90,1.00,24,2,0.45,10.80,0.0125,5.68,5012128463419,05024004761441,12,0,0.01,2.16,0.90,1.00
13,QRRB,"STAT,QR A4 RINGBINDER (2 DESIGNS)",0.70,1.00,10,1,0.35,3.50,0.0163,2.66,5012128429538,05024004713648,10,0,0.01,0.7,0.70,1.00
14,NABY,ACT-MIXED BODY STICKER PACK,0.52,0.60,48,1,0.26,12.48,0.0023,0.98,5012128369100,05024004603284,48,0,0.00,2.5,0.52,0.60
15,DSTN,"DINOSAUR,STENCIL SET",0.84,1.00,24,2,0.42,10.08,0.0182,2.80,5012128437755,05024004723784,12,0,0.01,2.02,0.84,1.00
16,BLOO,"STAT,BLOK CURVED LEVER ARCH",3.10,3.25,24,1,1.55,37.20,0.0943,10.08,5012128485602,05024004800300,24,0,0.11,7.44,3.10,3.25
17,NERB/1,"STAT,BLOK RINGBINDER",1.04,1.50,40,1,0.52,20.80,0.0521,10.94,5012128462740,05024004760376,40,0,0.04,4.16,1.04,1.50
18,BLOM,"STAT,A4 DISPLAY BOOK(3 CLRS)",1.40,1.50,24,1,0.70,16.80,0.0131,4.32,5012128485589,05024004800263,24,12,0.01,3.36,1.40,1.50
19,BLOK,"STAT,2 CARRY FILES PUNCHED - BLOK",1.04,1.25,24,1,0.52,12.48,0.0187,1.82,5012128485565,05024004800225,24,12,0.01,2.5,1.04,1.25
20,BLON,"STAT,EXTRA WIDE PP DIVIDERS(10 PART)",1.00,1.10,24,1,0.50,12.00,0.0071,3.00,5012128485596,05024004800287,24,12,0.00,2.4,1.00,1.10
21,BLOS,"STAT,A4 PP RIBBED N'BOOK-BLOK",2.50,2.75,24,1,1.25,30.00,0.0207,11.12,5012128487552,05024004803790,24,12,0.00,6,2.50,2.75
22,BLOT,"STAT,A5 PP RIBBED N'BOOK-BLOK",1.20,1.25,24,1,0.60,14.40,0.0123,5.64,5012128487569,05024004803813,24,12,0.01,2.88,1.20,1.25
23,SOAN,"STAT, BLOK SOFT FEEL HOLE PUNCH",2.10,2.25,24,1,1.05,25.20,0.0113,4.06,5012128462801,05024004760499,24,12,0.01,5.04,2.10,2.25
24,SOAO,"STAT, BLOK SOFT TAPE DISPENSER TAPE",1.90,1.99,24,1,0.95,22.80,0.0120,6.56,5012128462795,05024004760475,24,12,0.01,4.56,1.90,1.99
25,SOAK,"STAT, BLOK SOFT FEEL STAPLER",2.50,2.50,48,2,1.25,60.00,0.0286,8.76,5012128462771,05024004760437,24,12,0.02,12,2.50,2.50
26,LANP,"STAT, READING LAMP X3 COLOURS",1.04,1.25,24,1,0.52,12.48,0.0159,1.70,5012128472893,05024004777404,24,12,0.01,2.5,1.04,1.25
27,SOAU/1,"STAT,BLOK POCKET CALCULATOR (3 CLRS)",1.16,1.25,24,1,0.58,13.92,0.0084,1.70,5012128467325,05024004767986,24,12,0.01,2.78,1.16,1.25
28,RASQ,"STAT,A5 FLICKER NBOOK-RASCALS",1.10,1.25,40,2,0.55,22.00,0.0162,7.24,5012128486159,05024004801253,20,0,0.01,4.4,1.10,1.25
29,RASS,"STAT,3PK RETRACTABLE PENS-RASCALS",1.10,1.25,24,1,0.55,13.20,0.0091,1.36,5012128486098,05024004801147,24,12,0.00,2.64,1.10,1.25
30,OWCB,"STAT,2PK SHAPED SHARPENERS-OWLS",1.04,1.25,24,1,0.52,12.48,0.0184,1.52,5012128486432,05024004801673,24,12,0.01,2.5,1.04,1.25
31,OWRL,"STAT,3 PENS WITH CLIP-OWLS",1.04,1.25,24,1,0.52,12.48,0.0161,1.46,5012128486401,05024004801611,24,12,0.01,2.5,1.04,1.25
32,OWLS,"STAT,A5 DIECUT N'BOOK-OWLS,120",1.10,1.25,24,1,0.55,13.20,0.0097,4.66,5012128486456,05024004801710,24,12,0.00,2.64,1.10,1.25
33,OWLD,STAT-A4 PP TWINWIRE N'BOOK-OWLS,2.20,2.25,24,2,1.10,26.40,0.0272,11.32,5012128486463,05024004801734,12,0,0.02,5.28,2.20,2.25
34,OWLL,"STAT,A4 CLIPBOARD-OWLS",1.08,1.25,24,1,0.54,12.96,0.0165,3.30,5012128486289,05024004801512,24,12,0.01,2.59,1.08,1.25
35,OWLR,"STAT, TINNED PENCIL CASE - OWLS",1.10,1.25,24,1,0.55,13.20,0.0124,1.84,5012128486388,05024004801598,24,12,0.00,2.64,1.10,1.25
36,CHEB,"STAT,ELASTICATED A4 FILE-CHERRY BLOS",1.04,1.25,24,1,0.52,12.48,0.0095,2.36,5012128485817,05024004800706,24,12,0.00,2.5,1.04,1.25
37,CHDD,"STAT,A4 CB NBOOK,80SH/160PGS-CHERRY",2.20,2.25,24,2,1.10,26.40,0.0332,13.84,5012128485862,05024004800805,12,0,0.03,5.28,2.20,2.25
38,CHDF/1,"STAT,A5 NBOOK-CHERRY BLOSSOM",1.10,1.25,24,2,0.55,13.20,0.0140,2.00,5012128485886,05024004800843,12,0,0.00,2.64,1.10,1.25
39,CHED,"STAT,FLAT PENCIL CASE-CHERRY BLOSSOM",1.50,1.75,24,1,0.75,18.00,0.0136,1.68,5012128485916,05024004800904,24,12,0.01,3.6,1.50,1.75
40,CHET,"STAT,SLIM NBOOK WITH PEN-CHERRY BLOS",1.04,1.25,24,1,0.52,12.48,0.0125,4.06,5012128487545,05024004803776,24,12,0.01,2.5,1.04,1.25
41,SPOZ,"STAT,RINGBINDER-SPOTS DESIGN X2",1.20,1.25,24,1,0.60,14.40,0.0311,6.16,5012128489273,05024004807262,24,0,0.03,2.88,1.20,1.25
42,SPOH,"STAT,A4 SOFT CVR NBOOK,140PGS-SPOTS",2.30,2.50,12,1,1.15,13.80,0.0098,4.74,5012128486197,05024004801338,12,0,0.00,2.76,2.30,2.50
43,SPOJ,"STAT,A5 SOFT CVR NBOOK,140PGS-SPOTS",1.10,1.25,12,1,0.55,6.60,0.0047,2.36,5012128486203,05024004801352,12,0,0.00,1.32,1.10,1.25
44,SPOE/1,"STAT,2PK A5 NOTEBOOKS",1.10,1.25,24,1,0.55,13.20,0.0061,2.98,5012128486210,05024004801376,24,0,0.00,2.64,1.10,1.25
45,GIDE,"STAT, GIFTING DESK PAD",1.10,1.25,24,1,0.55,13.20,0.0102,5.26,5012128481178,05024004792438,24,0,0.00,2.64,1.10,1.25
46,GILP,"STAT, SHOPPING LIST PAD(GIFTING)",1.04,1.25,24,1,0.52,12.48,0.0079,4.02,5012128478505,05024004787236,24,0,0.00,2.5,1.04,1.25
47,GIQQ,"STAT,GIFTING PVC SLIP IN ALBUM",1.50,1.75,24,1,0.75,18.00,0.0233,5.18,5012128484070,05024004797266,24,12,0.01,3.6,1.50,1.75
48,GINB,"STAT, 3 POCKET NOTEBOOKS (GIFTING)",1.04,1.25,24,1,0.52,12.48,0.0078,3.16,5012128478529,05024004787274,24,12,0.00,2.5,1.04,1.25
49,ZENN,"STAT,A4 SOFT CVR NBOOK,140PGS-ZEN",2.40,2.50,20,1,1.20,24.00,0.0167,8.26,5012128486494,05024004801796,20,0,0.01,4.8,2.40,2.50
50,ZENO,"STAT,A5 SOFT CVR NBOOK,160PGS-ZEN",1.10,1.25,18,1,0.55,9.90,0.0077,3.66,5012128486500,05024004801819,18,0,0.00,1.98,1.10,1.25
51,REFL,"STAT,8 FINELINERS",1.00,1.25,24,1,0.50,12.00,0.0046,1.50,5012128434617,05024004719428,24,12,0.00,2.4,1.00,1.25
52,REFM,"STAT,8 FINELINERS-(BLACK/BLUE)",1.00,1.25,24,1,0.50,12.00,0.0045,1.50,5012128486777,05024004802359,24,12,0.00,2.4,1.00,1.25
53,PCMT,"STAT,6 BALLPOINT PENS ON BLISTER",1.00,1.25,24,1,0.50,12.00,0.0100,1.50,5012128472954,05024004777527,24,12,0.01,2.4,1.00,1.25
54,REFP,"STAT,FOUNTAIN PEN WITH 4 INK CART",0.90,1.00,24,1,0.45,10.80,0.0102,1.04,5012128434556,05024004719329,24,12,0.00,2.16,0.90,1.00
55,REIC/1,"STAT,INK CARTRIDGES BLACK/BLUE",0.70,1.00,24,1,0.35,8.40,0.0056,1.00,5012128434570,05024004719343,24,12,0.00,1.68,0.70,1.00
56,MINH,"STAT,6PK MINI HIGHLIGHTERS IN WALLET",1.00,1.25,24,1,0.50,12.00,0.0046,0.92,5012128486869,05024004802533,24,12,0.00,2.4,1.00,1.25
57,FTTR/2,"STAT,18 TRIANGLE COLOURING PENCILS",1.04,1.10,48,1,0.52,24.96,0.0242,6.50,5012128384394,05024004636909,48,24,0.02,4.99,1.04,1.10
58,MEPE,"STAT, 3 METALLIC MARKERS",1.04,1.10,24,1,0.52,12.48,0.0126,1.52,5012128471780,05024004775844,24,12,0.01,2.5,1.04,1.10
59,REWM/1,"STAT,3 WHITE WINDOW MARKERS",1.00,1.25,24,1,0.50,12.00,0.0093,1.48,5012128434549,05024004719305,24,12,0.00,2.4,1.00,1.25
60,RMAG,"STAT, X8 ROUND MAGNETS",1.00,1.25,24,1,0.50,12.00,0.0096,2.30,5012128473227,05024004777947,24,12,0.00,2.4,1.00,1.25
61,STT/3,"STAT, 5000 26/6 STAPLES",0.64,0.75,40,1,0.32,12.80,0.0079,6.06,5012128579004,05024004579008,40,20,0.00,2.56,0.64,0.75
62,CALC/1,"STAT, DESK CALCULATOR",2.20,2.25,24,1,1.10,26.40,0.0255,3.40,5012128472510,05024004776704,24,12,0.02,5.28,2.20,
63,BUXT/3,"STAT,FOOLSCAP BOX BOX FILE(3CLRS)",4.30,4.30,12,1,2.15,25.80,0.0891,7.48,5012128360442,05024004584040,12,0,0.08,5.16,4.30,
64,EXGO/1,"STAT,BOX FILE, ELASTIC CORNERS",1.40,1.50,24,1,0.70,16.80,0.0572,3.58,5012128360435,05024004584026,24,0,0.10,3.36,1.40,
65,REGP/1,"STAT, 60 SH SQUARE PAPER REFILL PAD",1.04,1.10,24,1,0.52,12.48,0.0158,9.52,5012128434426,05024004719121,24,12,0.00,2.5,1.04,
66,REGR,"STAT,60SH GRAPH REFILL PAD",1.04,1.10,24,1,0.52,12.48,0.0108,6.08,5012128496516,05024004818718,24,12,0.00,2.5,1.04,
67,REMC,"STAT,100 NOTE CARDS",0.94,1.00,24,1,0.47,11.28,0.0096,5.62,5012128434457,05024004719183,24,12,0.00,2.26,0.94,
68,KKG/3,"STAT,COPIER PAPER 90SHEET",1.10,1.10,32,1,0.55,17.60,0.0250,13.76,5012128087370,05024004087374,32,0,0.02,3.52,1.10,
69,FRTP/1,"STAT,40M X 48MM FRAGILE TAPE",0.96,1.00,24,1,0.48,11.52,0.0151,2.80,5012128384912,05024004637944,24,12,0.01,2.3,0.96,
70,BQV/2,"STAT,40M BINGO MARKER (CDU)",0.56,0.60,48,1,0.28,13.44,0.0116,2.68,5012128064333,05024004064337,48,24,0.01,2.69,0.56,
71,STMP,"ACT, PK 8 STAMPER PENS CDU",1.04,1.10,24,2,0.52,12.48,0.0149,2.96,5012128447532,05024004737651,12,0,0.01,2.5,1.04,
72,SPEN/2,"ACT,5 ROLLER STAMPER PENS",1.00,1.10,24,2,0.50,12.00,0.0208,2.08,5012128344268,05024004548158,12,0,0.01,2.4,1.00,
73,DPDN/2,"ACT,8 DOUBLE ENDED MARKERS",1.00,1.10,24,1,0.50,12.00,0.0130,2.00,5012128369889,05024004605103,24,0,0.01,2.4,1.00,
74,BKC/3,"ACT,15 JUMBO CHALKS",1.00,1.25,12,1,0.50,6.00,0.0162,5.34,5012128432132,05024004432136,12,0,0.01,1.2,1.00,
75,PCAY/2,"ACT, ALPHABET SPONGES",1.08,1.25,24,1,0.54,12.96,0.0343,1.48,5012128269523,05024004371909,24,12,0.00,2.59,1.08,
76,PCAY/1,"ACT,ALPHABET SPONGES",1.04,1.25,24,1,0.52,12.48,0.0340,1.48,5012128269523,05024004371909,24,12,0.04,2.5,1.04,
77,STUE,"ACT,6 PLASTIC STENCIL SHEETS",1.00,1.10,48,1,0.50,24.00,0.0142,3.66,5012128484353,05024004797846,48,24,0.01,4.8,1.00,
78,STZR,"ACT,STENCIL SET",1.00,1.10,24,1,0.50,12.00,0.0103,2.48,5012128484360,05024004797860,24,12,0.00,2.4,1.00,
79,SOAM,"ACT, PK 4 CHUNKY PAINTS CDU",1.00,1.10,12,1,0.50,6.00,0.0099,2.78,5012128447723,05024004737835,12,0,0.00,1.2,1.00,
80,PNTQ,"ACT,REG PAINT 250ML MIXED RD/YEL/BLU",1.12,1.25,24,1,0.56,13.44,0.0157,7.06,5012128473401,05024004778142,24,12,0.01,2.69,1.12,
81,MAGK,"ACT, SAND DOUGH 160G 2 MOULDS (CDU)",1.10,1.25,12,1,0.55,6.60,0.0143,2.80,5012128469602,05024004772126,12,0,0.01,1.32,1.10,
82,GLVV/1,"ACT,250ML WHITE KRAFT GLUE",0.98,1.00,48,2,0.49,23.52,0.0339,14.52,5012128388651,05024004645994,24,12,0.02,4.7,0.98,
83,GLSK/1,"ACT, 8 PK PLASTIC GLUE STICKS",0.94,1.00,24,1,0.47,11.28,0.0093,1.00,5012128448164,05024004738658,24,12,0.00,2.26,0.94,
84,SCDS,"ACT, 2 PATTERNED EDGED SCISSORS",0.96,1.00,24,1,0.48,11.52,0.0168,1.84,5012128501661,05024004826508,24,12,0.01,2.3,0.96,
85,WIGL,"ACT,PACK 3 WIGGLY EYES",0.96,1.00,48,1,0.48,23.04,0.0071,1.06,5012128484179,05024004797488,48,24,0.00,4.61,0.96,
86,PEGP,"ACT, 10PK WOODEN PEGS CLIP",0.96,1.00,24,1,0.48,11.52,0.0128,2.38,5012128447747,05024004737873,24,12,0.01,2.3,0.96,
87,PATL,"ACT,PAPER PLATE ANIMALS(SAFARI/FARM)",1.00,1.10,24,1,0.50,12.00,0.0324,2.98,5012128482755,05024004794920,24,12,0.04,2.4,1.00,
88,PEAZ,"ACT, MOVEABLE ANIMALS  MIXED",1.00,1.10,24,1,0.50,12.00,0.0096,1.30,5012128473029,05024004777640,24,12,0.02,2.4,1.00,
89,KHPU/1,ACT SEWING MYO PUPPETS (3DESIGNS),1.04,1.10,24,1,0.52,12.48,0.0112,1.52,5012128393013,05024004655276,24,12,0.00,2.5,1.04,
90,PLSE,"ACT, PK 15 PLAIN SHAPED CARDS CDU",1.00,1.10,12,1,0.50,6.00,0.0052,1.18,5012128447495,05024004737576,12,0,0.00,1.2,1.00,
91,PPEO,"ACT,BOY & GIRL CARD SHAPES",1.00,1.10,24,1,0.50,12.00,0.0096,1.92,5012128472985,05024004777589,24,12,0.00,2.4,1.00,
92,JUMP,"ACT, DIY STAR JUMP ANIMALS",1.00,1.10,24,1,0.50,12.00,0.0110,3.32,5012128484414,05024004797969,24,12,0.01,2.4,1.00,
93,STKC,"ACT, UNISEX STICKERS 3 ASSTD SHEETS",0.90,1.00,24,1,0.45,10.80,0.0039,0.82,5012128470066,05024004773048,24,12,0.00,2.16,0.90,
94,STKD,"ACT, BOYS STICKERS 3 ASSTD SHEETS",0.90,1.00,24,1,0.45,10.80,0.0041,0.82,5012128469701,05024004772324,24,12,0.00,2.16,0.90,
95,STKE,"ACT, GIRLS STICKERS 3 ASSTD SHEETS",0.90,1.00,24,1,0.45,10.80,0.0041,0.82,5012128469695,05024004772300,24,12,0.00,2.16,0.90,
96,STKF,"ACT, EDUCATION STICKERS 3 SHEETS",0.90,1.00,24,1,0.45,10.80,0.0041,0.82,5012128469688,05024004772287,24,12,0.00,2.16,0.90,
97,STKG,"ACT, REWARD STICKERS 3 ASSTD SHEETS",0.90,1.00,24,1,0.45,10.80,0.0041,0.82,5012128469671,05024004772263,24,12,0.00,2.16,0.90,
98,SMIL,"ACT, 300 SMILEY STICKERS",0.98,1.00,24,1,0.49,11.76,0.0105,1.90,5012128501937,05024004826935,24,12,0.00,2.35,0.98,
99,CLKE,"ACT,A4 ACTIVITY BK 40PLN 20PRINT PGS",1.04,1.10,24,1,0.52,12.48,0.0105,6.41,5012128495762,05024004817674,24,12,0.00,0,1.04,
100,CLLW,"ACT,A4 WIGGLY EYES COLOURING BOOK",1.00,1.10,24,1,0.50,12.00,0.0072,2.76,5012128495786,05024004817711,24,12,0.00,0,1.00,
101,CTFR/1,ACT - COPY COLOURING BOOK A4 20SHTS,1.00,1.10,48,1,0.50,24.00,0.0293,14.10,5012128484513,05024004798164,48,12,0.00,0,1.00,
102,CLOC,"ACT, A4 PUZZLE BOOK W'SEARCH C&",1.00,1.10,24,1,0.50,12.00,0.0059,2.76,5012128497087,05024004819531,24,12,0.00,0,1.00,
103,PWI/9,"ACT, 10 SHEET A4 PASTEL COLOUR CARD",0.98,1.10,48,2,0.49,23.52,0.0171,8.12,5012128096266,05024004096260,24,12,0.01,4.7,0.98,
104,AHA/3,"ACT,10SH A4 FLUORESCENT CARD",1.00,1.10,48,2,0.50,24.00,0.0156,7.64,5012128401817,05024004401811,24,12,0.01,4.8,1.00,
105,COLE,"ACT, 15SH 5 COLOURED CARD",1.00,1.10,48,2,0.50,24.00,0.0334,12.36,5012128450907,05024004743638,24,12,0.03,4.8,1.00,
106,GLTQ,"ACT, 6 SHEETS GLITTER CARD 3 COLOURS",0.96,1.00,48,2,0.48,23.04,0.0136,5.72,5012128501982,05024004827031,24,12,0.01,4.61,0.96,
107,BBLE,GARDEN BOTTLE BLOW BUBBLES 32FL OZ,1.20,1.25,48,4,0.60,28.80,0.0896,50.72,5012128472213,05024004776360,12,0,0.06,5.76,1.20,
108,GARS,GARDEN 3 PIECE GARDEN TOOLS SET,2.24,2.25,24,1,1.12,26.88,0.0387,5.50,5012128484230,05024004797600,24,12,0.04,5.38,2.24,
109,BBWA,GARDEN BUBBLE WAND,0.98,1.00,24,1,0.49,11.76,0.0167,4.50,5012128495731,05024004817612,24,0,0.01,2.35,0.98,
110,Y7GM123A,"ED WRAP, 3M FEMALE TRAD MIX (FSDU)",0.96,1.00,72,2,0.48,34.56,0.0947,11.68,5012213229142,05012213299459,36,0,0.11,6.91,0.96,
111,Y7GM123B,"ED WRAP,3M FEMALE CONTEMP MIX (FSDU)",0.96,1.00,72,2,0.48,34.56,0.0947,11.68,5012213229159,05012213299466,36,0,0.11,6.91,0.96,
112,Y7GM123C,"ED WRAP, 3M MALE CLASSIC MIX (FSDU)",0.96,1.00,72,2,0.48,34.56,0.0947,11.68,5012213229166,05012213299473,36,0,0.11,6.91,0.96,
113,Y7GM123D,"ED WRAP, 3M KIDS MIX (FSDU)",0.96,1.00,144,4,0.48,69.12,0.1894,23.60,5012213229180,05012213299480,36,0,0.23,13.82,0.96,
114,Y7GM123E,"ED WRAP, 3M HAPPY B-DAY  MIX (FSDU)",0.96,1.00,72,2,0.48,34.56,0.0947,11.68,5012213229197,05012213299497,36,0,0.11,6.91,0.96,
115,Y7GM123F,"ED WRAP, BRIGHTS MIX (FSDU)",0.96,1.00,72,2,0.48,34.56,0.0947,11.68,5012213229203,05012213299503,36,0,0.11,6.91,0.96,
116,OTTE/1,FRM - W/EFFECT A4 CERT (BRWN&ASH,2.80,,48,4,1.40,67.20,0.0918,26.88,0000000000000,05024004745618,12,0,0.11,13.44,2.80,
117,KBKX,FRM - DARK WOOD A4 CERT (CDU),6.40,,12,2,3.20,38.40,0.0352,10.68,5012128487408,05024004803493,6,0,0.02,7.68,6.40,
118,BOPF,ALB - WOODLANDS 4X6INS 80PHTS,1.40,1.50,12,1,0.70,8.40,0.0132,1.96,5012128495984,05024004818114,12,6,0.01,1.68,1.40,
119,LH/4,FRM - GLASS CLIP A4 CERT 21X29.7CM,1.30,,24,1,0.65,15.60,0.0302,11.56,5012128012082,05024004073667,24,12,0.02,3.12,1.30,
120,LU/4,FRM - GLASS CLIP 12X16IN (30X40CMS),2.50,,12,1,1.25,15.00,0.0261,11.64,5012128012211,05024004073681,12,0,0.02,3,2.50,
121,YT/2,FRM - GLASS CLIP 12X18INS (30X45CMS),3.50,,10,2,1.75,17.50,0.0276,10.28,5012128025204,05024004025208,5,0,0.02,3.5,3.50,
122,MB/3,FRM - GLASS CLIP 16X20IN (40X50CMS),3.98,,8,1,1.99,15.92,0.0371,12.34,5012128013027,05024004073407,8,4,0.03,3.18,3.98,
123,TJQ/2,FRM - STYRENE CLIP 20X24IN (50X60CM),6.70,,5,1,3.35,16.75,0.0306,6.40,5012128620072,05024004620076,5,0,0.02,3.35,6.70,
124,TJR/2,FRM - STYRENE CLIP 20X28IN (50X70CM),7.60,,5,1,3.80,19.00,0.0329,7.60,5012128620089,05024004620083,5,0,0.03,3.8,7.60,
125,TJT/2,FRM - STYRENE CLIP 24X32IN (60X80CM),10.90,,5,1,5.45,27.25,0.0447,10.24,5012128630002,05024004630006,5,0,0.05,5.45,10.90,
126,TJU/2,FRM - STYRENE CLIP 24X33IN (59X84CM),11.10,,5,1,5.55,27.75,0.0456,10.18,5012128630019,05024004630013,5,0,0.05,5.55,11.10,
127,FCOX,"ED BAGS, FEMALE KRAFT CONFETTI - XL",1.00,1.25,48,1,0.50,24.00,0.0490,7.60,5012128481895,05024004793527,48,6,0.04,4.8,1.00,
128,FCOM,"ED BAGS, FEMALE KRAFT CONFETTI - MED",0.60,0.80,48,1,0.30,14.40,0.0200,3.86,5012128481871,05024004793480,48,6,0.02,2.88,0.60,
129,FCOB,"ED BAGS, FEMALE KRAFT CONFETTI BTL",0.60,0.80,48,1,0.30,14.40,0.0162,3.16,5012128481901,05024004793541,48,6,0.01,2.88,0.60,
130,FCOP,"ED BAGS,FEMALE KRAFT CONFETTI - PRF",0.40,0.50,48,1,0.20,9.60,0.0081,1.98,5012128481918,05024004793565,48,6,0.00,1.92,0.40,
131,MAWB,"ED BAGS, MALE BLOCK TEXT - BOTTLE",0.60,0.80,48,1,0.30,14.40,0.0165,3.16,5012128481604,05024004793046,48,6,0.01,2.88,0.60,
132,MAWX,"ED BAGS, MALE BLOCK TEXT - EXTRA LGE",1.00,1.25,48,1,0.50,24.00,0.0481,7.98,5012128481680,05024004793107,48,6,0.04,4.8,1.00,
133,MAWM,"ED BAGS, MALE BLOCK TEXT - MEDIUM",0.60,0.80,48,1,0.30,14.40,0.0200,3.90,5012128481611,05024004793060,48,6,0.02,2.88,0.60,
134,JDDX,"ED BAGS, KIDS PUPPY, X LARGE",1.00,1.25,48,1,0.50,24.00,0.0455,7.70,5012128465314,05024004764602,48,6,0.04,4.8,1.00,
135,JDOM,"ED BAGS, KIDS PUPPY MEDIUM",0.60,0.80,48,1,0.30,14.40,0.0187,3.98,5012128465291,05024004764565,48,6,0.02,2.88,0.60,
136,JDIM,"ED BAGS, KIDS DINOSAUR, MEDIUM",0.60,0.80,48,1,0.30,14.40,0.0215,4.00,5012128482229,05024004793985,48,6,0.02,2.88,0.60,
137,JDIX,"ED BAGS, KIDS DINOSAUR, X LARGE",1.00,1.25,48,1,0.50,24.00,0.0497,7.92,5012128482243,05024004794029,48,6,0.04,4.8,1.00,
138,GDPX,"ED BAGS, GENERIC DIPPED KRAFT XL",1.00,1.25,48,1,0.50,24.00,0.0497,8.14,5012128482496,05024004794425,48,6,0.03,4.8,1.00,
139,GDPM,"ED BAGS, GENERIC DIPPED KRAFT MED",0.60,0.80,48,1,0.30,14.40,0.0200,3.90,5012128482472,05024004794388,48,6,0.00,2.88,0.60,
140,GDPB,"ED BAGS, GENERIC DIPPED KRAFT BTL",0.60,0.80,48,1,0.30,14.40,0.0165,3.16,5012128482502,05024004794449,48,6,0.00,2.88,0.60,
141,QCUP,PRINCESS - 8 X 9OZ PARTY CUPS,0.84,1.00,24,1,0.42,10.08,0.0268,1.70,5012128475306,05024004781487,24,0,0.03,2.02,0.84,
142,QPLT,"PRINCESS - 8X9"" PARTY PLATES",0.96,1.00,24,1,0.48,11.52,0.0116,3.16,5012128475283,05024004781449,24,12,0.01,2.3,0.96,
143,QNAP,PRINCESS - 20 X 2PLY NAPKINS,0.96,1.00,24,1,0.48,11.52,0.0173,2.70,5012128475276,05024004781425,24,12,0.01,2.3,0.96,
144,ZPLT,"PIRATES - 8 X 9"" PAPER PLATES",0.96,1.00,24,1,0.48,11.52,0.0116,3.16,5012128475177,05024004781227,24,12,0.01,2.3,0.96,
145,ZNAP,PIRATES - 20 X 2 PLY NAPKINS,0.96,1.00,24,1,0.48,11.52,0.0173,2.70,5012128475160,05024004781203,24,12,0.01,2.3,0.96,
146,HPLT,"WOODLAND - 8 X 9"" PAPER PLATES",0.96,1.00,24,1,0.48,11.52,0.0116,3.16,5012128477713,05024004785775,24,12,0.01,2.3,0.96,
147,HCUP,WOODLAND - 8 X 9OZ PARTY CUPS,0.84,1.00,24,1,0.42,10.08,0.0268,1.70,5012128477706,05024004785751,24,0,0.02,2.02,0.84,
148,HNAN,WOODLAND - 20 X 2PLY NAPKINS,0.96,1.00,24,1,0.48,11.52,0.0173,2.54,5012128477720,05024004785799,24,12,0.01,2.3,0.96,
149,BPLT,"SUPERHERO- 8X9"" PARTY PLATES",0.96,1.00,24,1,0.48,11.52,0.0116,3.16,5012128477836,05024004786017,24,12,0.01,2.3,0.96,
150,BCUP,SUPERHERO- 8 X 9OZ PARTY CUPS,0.84,1.00,24,1,0.42,10.08,0.0268,1.70,5012128477843,05024004786031,24,0,0.02,2.02,0.84,
151,BNAP,SUPERHERO- 20 X 2PLY NAPKINS,0.96,1.00,24,1,0.48,11.52,0.0173,2.70,5012128477850,05024004786055,24,12,0.01,2.3,0.96,
152,HBUB,WOODLAND - 5 X BLOW BUBBLE POTS,1.04,1.10,24,1,0.52,12.48,0.0269,9.72,5012128477805,05024004785959,24,12,0.02,2.5,1.04,
153,BBUD,SUPERHERO - 5 X BLOW BUBBLE POTS,1.04,1.10,24,1,0.52,12.48,0.0269,9.72,5012128477935,05024004786215,24,12,0.02,2.5,1.04,
154,ZBUB,PIRATES - 5 X BLOW BUBBLE POTS,1.04,1.10,24,1,0.52,12.48,0.0269,9.72,5012128477300,05024004785096,24,12,0.02,2.5,1.04,
155,HRYQ,PARTY - 6 X MEDALS,1.04,1.10,24,1,0.52,12.48,0.0143,1.64,5012128478741,05024004787694,24,12,0.00,2.5,1.04,
156,SOBSW,SPIDERMAN CLASSIC BUMPER STAT WALLET,7.00,7.99,10,1,3.50,35.00,0.0359,7.30,5012128495670,05024004817490,10,5,0.03,7,7.00,
157,SPSTR2,ULT SPIDERMAN 700 STICKERS,1.06,1.10,48,1,0.53,25.44,0.0127,4.40,5012128495151,05024004816516,48,12,0.00,5.09,1.06,
158,SPCFB2,ULT SPIDERMAN CHUNKY CRAYONS,1.16,1.25,36,1,0.58,20.88,0.0318,4.28,5012128496592,05024004818817,36,12,0.03,4.18,1.16,
159,TGCVS,TANGERINE CUSTOMISING STICKERS,1.04,1.10,48,1,0.52,24.96,0.0110,3.80,5012128497469,05024004820292,48,12,0.01,4.99,1.04,
160,CRCAR,CARS 3 CARRY ALONG COL SET,1.10,1.25,24,2,0.55,13.20,0.0101,3.28,5012128498305,05024004821794,12,6,0.00,0.91,1.10,
161,YKSTR,YO KAI WATCH 700 STICKERS,1.06,1.10,48,1,0.53,25.44,0.0137,4.20,5012128495540,05024004817230,48,12,0.01,5.09,1.06,
162,AVSTR1,AVENGERS 700 STICKERS,1.06,1.10,48,1,0.53,25.44,0.0133,4.26,5012128494727,05024004815656,48,12,0.01,5.09,1.06,
163,AVCST1,AVENGERS COLOURING SET,1.10,1.25,24,1,0.55,13.20,0.0110,2.28,5012128494758,05024004815717,24,12,0.01,2.64,1.10,
164,EMBSW,EMOJI BUMPER STATIONERY WALLET,7.00,7.99,10,1,3.50,35.00,0.0359,7.10,5012128497759,05024004820834,10,5,0.03,7,7.00,
165,EMSTN,EMOJI STICKY NOTES,1.16,1.25,36,1,0.58,20.88,0.0185,2.90,5012128470219,05024004773352,36,12,0.00,4.18,1.16,
166,EMNVE1,EMOJI ERASER PACK,1.16,1.25,36,1,0.58,20.88,0.0241,6.22,5012128497766,05024004820858,36,12,0.02,4.18,1.16,
167,PEBCA1,PEPPA PIG BUMPER CARRY ALONG,1.70,1.99,24,1,0.85,20.40,0.0000,1.00,5012128498411,05024004821978,24,12,0.00,4.08,1.70,
168,PECAR1,PEPPA PIG CARRY ALONG COLOURING SET,1.10,1.25,24,2,0.55,13.20,0.0117,3.24,5012128432668,05024004717189,12,6,0.01,0.91,1.10,
169,PEPPK1,PEPPA PIG PLAY PACK,1.16,1.25,24,1,0.58,13.92,0.0124,3.48,5012128432620,05024004717127,24,12,0.01,0,1.16,
170,PESTR1,PEPPA PIG 700 STICKERS,1.06,1.10,48,1,0.53,25.44,0.0131,3.80,5012128438158,05024004724224,48,12,0.01,5.09,1.06,
171,PESBS1,PEPPA PIG STICKER BY SHAPES,1.10,1.25,24,1,0.55,13.20,0.0057,2.26,5012128485305,05024004799727,24,12,0.00,2.64,1.10,
172,DJSTR,DISNEY JUNIOR 700 STICKERS,1.06,1.10,48,1,0.53,25.44,0.0127,4.48,5012128493577,05024004814031,48,12,0.00,5.09,1.06,
173,DJCAR,DISNEY JUNIOR CARRY ALONG COL. SET,1.10,1.25,24,2,0.55,13.20,0.0121,3.24,5012128493508,05024004813935,12,6,0.00,0.91,1.10,
174,DJPPK,DISNEY JUNIOR PLAY PACK,1.16,1.25,24,1,0.58,13.92,0.0122,3.34,5012128493560,05024004814017,24,12,0.00,0,1.16,
175,AJSTR,ANIMAL JAM 700 STICKERS,1.06,1.10,48,1,0.53,25.44,0.0127,4.26,5012128487675,05024004804018,48,12,0.01,5.09,1.06,
176,MYCAR,MY LITTLE PONY CARRY ALONG COL. SET,1.10,1.25,24,2,0.55,13.20,0.0109,3.24,5012128455414,05024004748893,12,6,0.00,0.91,1.10,
177,MYCST,MY LITTLE PONY COLOURING SET,1.10,1.25,24,1,0.55,13.20,0.0110,2.34,5012128455391,05024004748855,24,12,0.00,2.64,1.10,
178,MYSTP1,MY LITTLE PONY SHAPED STICKER PAD,1.16,1.25,24,1,0.58,13.92,0.0085,4.38,5012128505386,05024004831984,24,12,0.00,2.78,1.16,
179,MYSBK1,MY LITTLE PONY STICKER BOOK,1.04,1.10,24,1,0.52,12.48,0.0057,2.62,5012128455407,05024004748879,24,12,0.00,0,1.04,
180,MYCBK1,MY LITTLE PONY COLOURING BOOK,1.04,1.25,24,1,0.52,12.48,0.0078,3.94,5012128455438,05024004748930,24,12,0.00,0,1.04,
181,MYCAR1,MY LITTLE PONY CARRY ALONG,1.10,1.25,24,2,0.55,13.20,0.0219,3.24,5012128455414,05024004748893,12,6,0.00,0.91,1.10,
182,DMCAR3,DESPICABLE ME 3 CARRY ALONG COL SET,1.10,1.25,24,2,0.55,13.20,0.0101,3.28,5012128500176,05024004824184,12,6,0.00,0.91,1.10,
183,DMCST3,DESPICABLE ME 3 COLOURING SET,1.10,1.25,24,1,0.55,13.20,0.0115,2.48,5012128500206,05024004824207,24,12,0.00,2.64,1.10,
184,DMCAR,DESPICABLE ME CARRY ALONG COLOURING,1.10,1.25,24,2,0.55,13.20,0.0109,3.40,5012128424199,05024004707005,12,6,0.01,0.91,1.10,
185,NMSTR,NUM NOMS 700 STICKERS,1.06,1.10,48,1,0.53,25.44,0.0131,1.00,5012128497988,05024004821299,48,12,0.00,5.09,1.06,
186,ASTTS, ASSORTED SHARPENER TIN TUBE,0.90,1.00,50,1,0.45,22.50,0.0106,1.84,5012128503726,05024004829561,50,0,0.00,4.5,0.90,
187,THCST1,THOMAS COLOURING SET,1.10,1.25,24,1,0.55,13.20,0.0117,2.34,5012128435553,05024004720981,24,12,0.00,2.64,1.10,
188,THCAR1,THOMAS CARRY ALONG COL SET,1.10,1.25,24,2,0.55,13.20,0.0105,2.00,5012128435560,05024004721001,12,6,0.00,0.91,1.10,
189,THCAR,THOMAS CARRY ALONG COLOURING SET,1.10,1.25,24,2,0.55,13.20,0.0121,3.40,5012128435560,05024004721001,12,6,0.00,0.91,1.10,
190,THCST,THOMAS COLOURING SET,1.10,1.25,24,1,0.55,13.20,0.0114,2.46,5012128435553,05024004720981,24,12,0.01,2.64,1.10,
191,LGCAR,LION GUARD CARRY ALONG COLOURING SET,1.10,1.25,24,2,0.55,13.20,0.0109,3.36,5012128476747,05024004783962,12,6,0.00,0.91,1.10,
192,LGSTR,LION GUARD 700 STICKERS,1.06,1.10,48,1,0.53,25.44,0.0131,4.30,5012128476761,05024004784006,48,12,0.01,5.09,1.06,
193,LGBUP,LION GUARD BUSY PACK,1.16,1.25,24,1,0.58,13.92,0.0076,3.42,5012128476754,05024004783986,24,12,0.00,0,1.16,
194,PPSTR,PAW PATROL 700 STICKERS,1.06,1.10,48,1,0.53,25.44,0.0122,4.42,5012128468667,05024004770252,48,12,0.01,5.09,1.06,
195,PPSTP,PAW PATROL STICKER PAD,1.16,1.25,24,1,0.58,13.92,0.0082,4.34,5012128468643,05024004770214,24,12,0.00,2.78,1.16,
196,FNCAR,FROZEN CARRY ALONG COLOURING SET,1.10,1.25,24,2,0.55,13.20,0.0109,3.44,5012128424502,05024004707548,12,6,0.01,0.91,1.10,
197,FNPPK,FROZEN PLAY PACK,1.16,1.25,24,1,0.58,13.92,0.0106,3.28,5012128424465,05024004707463,24,12,0.00,0,1.16,
198,PSSTR1,PRINCESS 700 STICKERS,1.06,1.10,48,1,0.53,25.44,0.0131,4.56,5012128435195,05024004720325,48,12,0.01,5.09,1.06,
199,PSCAR1,PRINCESS CARRY ALONG COLOURING SET,1.10,1.25,24,2,0.55,13.20,0.0121,3.40,5012128427374,05024004711248,12,6,0.00,0.91,1.10,
200,MOCAR,MOANA CARRY ALONG COLOURING SET,1.10,1.25,24,2,0.55,13.20,0.0105,3.36,5012128481024,05024004792216,12,6,0.01,0.91,1.10,
201,TRSTR,TROLLS 700 STICKERS,1.06,1.10,48,1,0.53,25.44,0.0129,4.28,5012128477027,05024004784532,48,12,0.01,5.09,1.06,
202,TRSTP,TROLLS STICKER PAD,1.16,1.25,24,1,0.58,13.92,0.0087,4.34,5012128477003,05024004784495,24,12,0.00,2.78,1.16,
203,WCAR/3,"ACT, 15 SHEETS WHITE CARD",1.00,1.10,48,2,0.50,24.00,0.0197,12.48,5012128395390,05024004660393,24,12,0.01,4.8,1.00,